100010
100034
1000349
1000377
1000379
100088
100101
1001119
100124
100145
1001813
100205
100206
100207
1002739
1002971
100301
1003017
1003025
1003053
1003115
1003121
1003165
1003193
1003195
1003223
1003227
1003229
1003423
1003425
1003443
1003455
1003459
1003461
1003705
1003707
1005093
1005187
1005261
100548
100552
100689
100831
100863
100877
100878
100883
100885
100914
100922
100936
100937
100988
101060
101107
101112
101122
101255
101269
101334
101418
101452
101487
101493
101682
101789
101791
101799
101872
102072
102101
102127
102354
102388
102416
102434
102615
102634
102858
102947
102967
103000
103007
103115
103143
103144
103217
103309
103313
103332
103334
103413
103517
103642
103773
103806
103816
103830
103838
103840
103842
103846
103847
103848
103896
104051
104086
104170
104467
104518
104541
104572
104576
104613
104625
104685
104730
104731
104746
104824
104887
104891
104975
104996
105033
105036
105057
105059
105129
105165
105175
105177
105226
105234
105279
105484
105508
105518
10562
105644
105664
105707
105729
105737
105855
105865
105884
106069
106084
106092
1061
106108
106114
106173
106184
106192
106250
106281
106290
106357
106393
106435
106471
106482
106539
106541
106542
106550
106595
106597
1066
106638
106699
106716
106731
106789
106876
106916
106972
106986
107026
107073
107095
107107
107332
107450
107460
107463
107518
107536
107564
107575
107606
107615
107663
107668
107671
107696
107811
107878
107912
107922
108133
108222
108314
108344
108542
108566
108598
108716
108779
108832
108877
108884
108902
108906
108923
108935
108947
108966
108981
109015
109164
109191
109222
109273
109359
109384
109397
109566
109667
109731
109875
109900
109926
109950
109973
110012
110137
110227
110306
110379
110417
110448
110587
110728
110970
110984
111001
111063
111082
111083
111084
111131
111268
111305
111525
111563
111592
111603
111612
111634
111668
111698
111916
111966
112016
112083
112303
112669
112761
112812
112853
112862
112886
112919
112956
112968
113007
113089
113237
113303
11348
113486
113540
113681
113709
11376
113776
113807
113884
113904
113915
114061
114088
114092
114124
114183
114191
114203
114297
114361
114477
114576
114727
114944
114973
114985
1150
115014
115130
115139
115203
115235
115247
115259
115266
115267
115284
115306
115328
115351
115393
115488
115659
115945
116046
116117
116183
116210
116355
116413
116504
116525
116537
116651
116655
116750
116752
116794
116861
116896
116898
116906
116917
116969
117031
117093
117101
117176
117266
117281
117449
117454
117457
117474
117633
117673
1177
117718
117837
117862
118172
118175
118192
118234
118289
118291
118333
118383
118578
118653
118700
118763
118765
118766
118840
118881
119012
119031
119053
119066
12502
12877
13280
13281
1329
13668
13836
1454
146
14941
15864
16175
16453
16570
17218
17771
17792
182
18481
1859
1950
19820
19821
1984
200001
200120
20016
200180
200250
200260
200392
200398
200462
200498
200510
200562
200598
200710
200732
200756
200816
200818
200820
200822
200832
200906
200974
200982
201280
201304
201378
201406
201920
202040
202284
202508
202584
202832
203436
204
20420
20424
204272
204722
206066
206082
206830
206886
206920
206922
206928
206932
206938
206948
206950
206966
206968
206972
206980
206986
206988
206998
207000
207016
207018
207020
207022
207024
207028
207030
207032
207034
207036
207056
207246
207378
20751
207732
207734
207742
207788
208266
2085
209006
209246
210782
211116
21150
211652
2230
23981
24028
24544
24723
25225
25785
25960
26013
26040
26553
26594
26627
26630
26636
26641
26651
26659
26691
26692
26711
26720
26754
26788
26817
26822
26875
26916
26925
26926
26941
27057
27343
27388
27390
27412
27423
27424
27454
27477
27505
27512
27567
27575
27576
27628
27652
27657
27661
27676
27761
27763
27799
27814
27819
27873
27941
27974
28364
300533
300534
300535
300540
300570
300579
300584
300597
300606
300609
300627
300631
300640
300641
300668
300669
300671
300672
300674
300675
300676
300696
300707
300709
300754
300775
300777
300791
300808
300809
300811
300873
300896
300913
300970
300995
301015
301016
301017
301066
301073
301519
301525
301535
301610
301675
301921
302114
302115
302388
302522
302555
302693
302695
302697
302699
302700
302725
302754
302781
302916
302917
303024
303125
303133
303151
303255
303329
303571
303633
303755
303771
303947
303971
304213
304431
304517
304631
304897
305267
305289
305457
305595
305647
305779
305917
306149
306365
306367
306389
306391
306393
306397
306429
306431
306433
306435
306473
306475
306477
306479
306657
306811
306857
306907
306975
307153
307303
307375
307429
307603
307911
308179
308329
308335
308535
308643
308999
309055
309059
309379
309569
309605
309755
309799
309829
309949
309961
310233
310477
310773
310939
311053
311107
311209
311223
311383
311427
311565
311797
311957
312081
312091
312275
312283
312291
312311
312367
312629
312787
312883
312979
313343
313373
313455
313627
313775
313877
313903
313907
314021
314203
314211
314237
314381
314409
314433
314515
314543
314557
314647
314693
314695
314697
314735
314737
314739
314741
314743
314745
314927
315101
315173
315223
315291
315383
315403
315435
315509
315531
315535
315547
315559
315579
315599
315923
316003
316047
316099
316115
316167
316169
316173
316179
316187
316195
316213
316217
316249
316251
316267
316321
316323
316325
316337
316339
316341
316345
316347
316393
316395
316411
316415
316433
316435
316437
316439
316441
316443
316449
316451
316453
316455
316457
316459
316487
316511
316513
316515
316517
316519
316523
316525
316527
316533
316535
316537
316539
316547
316561
316629
316631
316633
316635
316637
316639
316641
316643
316645
316647
316649
316651
316653
316655
316657
316659
316661
316663
316665
316673
316675
316677
316679
316681
316685
316687
316689
316693
316695
316703
316707
316709
316711
316713
316715
316717
316719
316721
316723
316727
316729
316731
316733
316735
316737
316739
316741
316743
316745
316747
316749
316751
316753
316755
316757
316759
316761
316763
316765
316769
316771
316773
316775
316777
316779
316781
316783
316785
316787
316789
316791
316793
316795
316797
316799
316801
316803
316805
316809
316811
316813
316815
316833
316835
316857
316859
316871
316875
316877
316879
316881
316883
316885
316887
316891
316893
316895
316939
316941
316967
316977
316979
316981
316997
316999
317001
317003
317005
317007
317009
317011
317013
317015
317029
317081
317135
317137
317221
317229
317255
317283
3173
317339
317357
317387
317391
317401
317559
317579
317599
317635
317671
317733
317851
317875
317927
317957
317959
317961
317967
317981
317983
318007
318009
318025
318027
318147
318177
318269
318307
318311
318377
318447
318461
318481
318621
318685
318699
318801
318803
318805
318809
318811
318813
318815
318855
318905
318907
318949
319109
319111
319123
319129
319167
319169
319171
319173
319175
319183
319185
319187
319189
319191
319193
319213
319219
319221
319223
319361
319367
319371
319481
319497
319499
319519
319529
319589
319701
319707
319763
319819
319847
319853
319959
319977
319987
319991
320013
320021
320031
320053
320081
320083
320087
320095
320107
320325
320335
320339
320341
320363
320365
320411
320413
320451
320453
320455
320469
320513
320521
320529
320587
320637
320671
320673
320681
320769
320787
320909
321309
321359
321821
321823
321825
321827
321841
321911
322095
322111
322151
322161
322311
322361
322363
322451
322499
322553
322601
322679
322693
322695
322783
322907
322913
322945
322965
322983
322999
32313
323153
323157
32321
323219
323261
323321
32333
32334
32347
32348
32351
323517
32362
32367
32369
323699
32372
323725
323739
323753
323765
323795
323809
323811
323829
323863
32391
32401
324019
32403
32410
324163
324229
324231
324233
324235
324237
324239
324241
324245
324247
324249
324251
324253
324255
324257
324259
324261
324263
324265
324269
324271
324273
324275
324277
324281
324285
324287
324289
324291
324293
324295
324297
324299
324301
324333
324335
324339
324343
324417
324451
324453
324457
324465
324469
324471
324477
324479
324495
324501
324509
324515
324531
324535
324551
324559
324565
324591
324595
324611
32462
324697
324699
324701
324705
324711
324713
324715
324717
324719
324721
324727
324729
324733
324747
324749
324751
324757
324759
324761
324763
324781
324791
324819
324919
324921
324923
324925
324927
324929
324931
324933
324945
324955
325063
325155
325243
325273
325525
325527
325533
325543
325945
326081
326111
326137
326265
326695
326761
326797
326851
326971
32705
327093
327119
327123
327195
327217
327221
327227
327229
327231
327245
327247
327249
327251
327255
327257
327259
327265
327267
327269
327271
327273
327323
327325
327327
327339
327343
327353
327355
327357
327359
327371
327387
327389
327429
327431
327433
327435
327449
327455
327457
327465
327469
327473
327479
327487
327489
327499
327531
327535
327537
327539
327541
327543
327553
327555
327557
327559
327567
327569
327571
327573
327583
327585
327587
327597
327625
327627
327629
327631
327633
327657
327659
327663
327667
327669
327671
327673
327691
327693
327695
327699
327701
327705
327707
327709
327711
327713
327739
327749
327751
327769
327771
327773
327777
327795
327797
327799
327801
327803
327805
327807
327819
327847
327867
327937
327955
327957
327959
327961
327963
327965
327971
327973
327975
327977
328193
328203
328301
328317
3284
328411
328413
328415
328417
328421
328423
328425
328427
328429
328431
328433
328435
328437
328439
328443
328445
328447
328449
328451
328453
328455
328461
328463
328465
328467
328469
328477
328487
328527
328529
328543
328549
328601
328607
328609
328613
328615
328619
328621
328623
328625
328627
328631
328633
328635
328637
328641
328643
328645
328647
328657
328661
328663
328665
328667
328669
328673
328675
328677
328679
328681
328683
328685
328687
328689
328691
328693
328695
328697
328699
328701
328705
328707
328709
328715
328717
328719
328721
328723
328725
328727
328729
328731
328733
328735
328737
328741
328743
328745
328747
328749
328751
328755
328759
328761
328763
328765
328767
328769
328771
328773
328775
328777
328779
328781
328857
328873
328949
328961
329031
329033
329071
329083
329085
329165
329283
329289
329301
329321
329325
329327
329329
329459
329461
329463
329465
329467
329469
329471
329473
329475
329477
329485
329503
329517
329519
329521
329523
329525
329527
329529
329793
329875
329955
329971
33020
33031
33037
330403
330475
330499
330527
330529
330531
330533
330535
330539
330787
330839
330973
330975
331099
331115
331117
331189
331191
331193
331195
331253
331685
331769
331785
331801
331803
331805
331939
331981
332123
332213
332225
332275
332365
332371
332393
332403
332447
332469
332535
332559
332675
332793
332867
332869
332873
332903
332929
332985
333037
333053
333101
333515
333523
333713
333903
333937
334135
334711
334713
334715
334717
334719
334935
334957
335023
335143
335263
335287
335337
335401
335405
335451
335487
335489
335495
335695
335697
335727
335747
335751
335831
33588
335983
336049
336055
336167
336237
336239
336245
336251
336255
336257
336263
336265
336267
336269
336271
336273
336275
336277
336281
336283
336285
336287
336289
336291
336299
336301
336303
336305
336309
336335
336337
336343
336347
336349
336355
336387
33640
336421
336431
336465
336475
336477
336481
336483
336487
336495
336497
336499
336503
336559
336623
336641
33665
33666
336669
33668
336697
336749
336751
336755
336757
336763
336843
336849
336851
336865
336873
336877
336881
336917
336919
336923
336925
336927
336933
336939
336945
336957
336959
336961
336963
336967
336969
336971
336973
336975
336983
336985
336987
336991
336993
336995
336997
336999
337005
337007
337011
337013
337017
337019
337021
337023
337281
337479
337481
337483
33903
33907
33969
339927
340415
340487
340699
340735
340791
3413
341547
34157
34172
34173
34349
34359
34362
34379
34391
34414
34431
34521
34553
34643
34686
34693
34695
34706
34709
34832
34860
34921
34938
34952
34956
34990
34995
34996
35002
35003
35018
35042
35066
35078
35081
35099
35104
35131
35148
3559
36078
36089
36224
36255
36278
36295
36317
36319
36325
36328
36334
36397
36403
36449
36459
36523
36544
36553
36558
36596
36657
36692
36728
36756
36816
36927
36947
36948
36950
36960
36980
36981
36987
37006
37019
37034
37050
37135
37152
37177
37223
37260
37299
37305
37363
37391
37436
37476
37495
37535
37605
37606
37671
37677
37706
37707
37739
37748
37783
37784
37786
37790
37794
37808
37810
37859
37882
37914
37954
37956
37980
38071
38086
38091
38137
38156
38158
38207
38262
38280
38286
38427
38441
38482
38565
38619
38720
38738
38816
38827
38875
3889
38905
38971
3898
38982
39047
39073
39122
39124
39275
39289
39315
39412
39417
39446
39447
39457
39525
39533
39565
39616
39652
39697
39728
39758
39805
39814
39850
39869
39888
39942
40035
40059
40089
40162
40267
40375
40496
40513
40522
40537
40670
40722
40794
40807
40851
40856
40863
40921
40928
40962
41038
41058
41272
41291
41332
41344
41360
41382
41491
41502
41545
41571
41653
41684
41719
41746
41750
418
41823
42253
42326
4263
43142
43470
4382
44202
4449
44795
44856
44904
45213
45303
45328
45642
46024
46217
46265
46568
47287
47555
47654
48787
48924
49103
49226
49264
49268
49353
4967
50292
50326
50575
50856
50956
51240
5129
51536
51668
5220
52240
52423
52850
53184
53497
54259
54273
54560
54574
5461
54746
5500
55000
5537
5541
55465
55667
5607
56093
56261
56290
56523
56706
57033
57227
57566
57787
58049
5815
58312
5846
58515
5859
5869
59468
59930
6000
60271
6029
6070
60901
6109
6125
61354
61604
617
62451
62957
63609
63676
64034
64363
64449
64619
64654
64668
64669
64694
64802
64844
64902
64959
65007
65062
6519
65294
65587
6586
65877
66014
66030
6605
66112
66240
66478
66526
6659
66620
66771
66831
66855
66858
67096
67114
6722
67258
6731
67463
67497
67511
67618
67658
67681
68011
68069
68133
68288
68321
6858
68589
68663
68675
68758
68779
69192
69288
69482
69642
69691
69735
6989
70014
70031
70292
70374
70377
70411
70445
70453
70607
70773
70952
7103
71865
72021
72240
72353
7259
72647
7301
73066
73722
74001
74378
75440
75532
75600
75796
76165
76297
76740
77122
77330
77557
77721
78385
78469
78698
7881
79035
7904
79066
7911
79122
79172
79364
79405
79545
79770
79993
8
80549
808
8097
81072
81343
81421
81571
81670
81976
81979
8233
8247
82572
82642
83191
83231
83480
83594
83761
839
84004
84377
8439
85138
85161
85169
85189
85276
85277
85279
85356
85357
85369
85372
85375
85388
85394
85407
85420
85423
85431
85444
85447
85547
85572
85581
85592
85667
8568
85709
85727
85903
86124
86178
86263
86300
86518
86528
86783
86802
86805
86864
86933
86959
86997
87089
87177
87204
87316
87336
87348
87501
87504
87529
87532
87736
87825
87871
87921
87933
87976
87983
88037
88042
88097
88117
88243
88585
88595
88654
88655
88664
88716
88728
88749
88852
88909
88980
89023
89065
89122
89153
89158
89163
89165
89192
89198
89234
89308
89331
89413
89453
89475
89550
89570
89605
89652
89663
89700
89748
89766
89788
89882
89914
89946
89969
89997
90008
90063
90073
90074
90128
90158
90179
90180
90194
90263
90294
90328
90333
90376
90423
90471
90486
90557
90566
90621
90622
90719
90727
90887
90891
90916
90954
90974
91025
91064
91139
91210
91212
91213
91243
91264
91265
91284
91289
91295
91297
91328
91331
91332
91337
91349
91353
91382
91385
91427
91523
91524
91527
91618
91648
91663
91696
91729
91752
91794
91803
91821
91834
91835
91849
91856
91874
91875
91878
91885
91890
91891
91917
91920
91927
91950
91958
91985
91986
91995
92042
92095
92096
92100
92121
92141
92142
92167
92175
92208
92213
92224
92226
92248
92261
92266
92306
92334
92339
92340
92343
92378
92408
92430
92431
92432
92455
92457
92458
92602
92603
92604
92716
92769
92792
92807
92817
92857
92871
92874
93022
93062
93082
93184
93259
93281
93300
93714
93724
93731
93732
93743
93855
93857
93914
93989
94032
94059
94061
94067
94069
94167
94212
94214
94220
94225
94234
94279
94280
94291
94322
94324
94449
94478
94535
94569
94630
94635
94711
94716
94770
94779
94793
94810
94858
94893
94908
95158
95374
95375
95448
95467
95496
95574
95596
95620
95633
95641
95664
95730
95809
95816
95827
95857
95913
95921
95926
95969
95986
96154
96182
96332
96356
96447
96448
96451
96464
96542
96547
96752
96886
96901
96921
96967
96999
97057
97116
97139
97205
97206
97213
97256
97263
97319
97344
97357
97409
97416
97419
97428
97517
97554
97561
97630
97680
97695
97810
97830
97870
97915
97917
98024
98241
98244
98262
98336
98351
98512
98514
98555
98624
98630
98666
98760
98797
98824
98874
98950
99176
99222
99335
99336
99356
99367
99385
99393
99538
99582
99657
99749
99864
99921
99979
99995
99996
