**********************************************

yangjl 2020-12-28 16:53:15
cmd:cat {web_log_today} |grep channelhome|grep v10|grep "28/Dec/2020:16:00"|cut -d"|" -f7
hosts_file:/home/users/yangjl/web_hosts.txt

**********************************************
dir:cat /data/web_log/nginx/access.log |grep channelhome|grep v10|grep "28/Dec/2020:16:00"|cut -d"|" -f7

>>>ssh 10.1.6.12 -p 5044 'cat /data/web_log/nginx/access.log |grep channelhome|grep v10|grep "28/Dec/2020:16:00"|cut -d"|" -f7'


>>>ssh 10.1.6.13 -p 5044 'cat /data/web_log/nginx/access.log |grep channelhome|grep v10|grep "28/Dec/2020:16:00"|cut -d"|" -f7'


>>>ssh 10.1.6.16 -p 5044 'cat /data/web_log/nginx/access.log |grep channelhome|grep v10|grep "28/Dec/2020:16:00"|cut -d"|" -f7'


>>>ssh 10.1.6.17 -p 5044 'cat /data/web_log/nginx/access.log |grep channelhome|grep v10|grep "28/Dec/2020:16:00"|cut -d"|" -f7'

 0.121 
 0.132 
 0.071 
 0.091 
 0.057 
 0.020 
 0.067 
 0.084 
 0.420 
 0.103 
 0.139 
 0.477 
 0.054 
 0.065 
 0.072 
 0.252 
 0.066 
 0.215 
 0.245 
 0.067 
 0.245 
 0.250 
 0.100 
 0.271 
 0.063 
 0.169 
 0.075 
 0.091 
 0.279 
 0.061 
 0.074 
 0.053 
 0.075 
 0.136 
 0.057 
 0.059 
 0.125 
 0.078 
 0.056 
 0.071 
 0.079 
 0.065 
 0.078 
 0.123 
 0.058 
 0.091 
 0.066 
 0.131 
 0.110 
 0.118 
 0.103 
 0.131 
 0.047 
 0.053 
 0.255 
 0.069 
 0.103 
 0.070 
 0.065 
 0.174 
 0.139 
 0.242 
 0.078 
 0.137 
 0.142 
 0.067 
 0.090 
 0.141 
 0.128 
 0.089 
 0.426 
 0.065 
 0.084 
 0.094 
 0.128 
 0.346 
 0.066 
 0.130 
 0.064 
 0.066 
 0.244 
 0.250 
 0.091 
 0.098 
 0.148 
 0.089 
 0.144 
 0.074 
 0.137 
 0.115 
 0.097 
 0.239 
 0.066 
 0.104 
 0.117 
 0.122 
 0.056 
 0.069 
 0.081 
 0.188 
 0.066 
 0.127 
 0.061 
 0.321 
 0.140 
 0.195 
 0.075 
 0.069 
 0.137 
 0.133 
 0.245 
 0.273 
 0.135 
 0.061 
 0.255 
 0.177 
 0.069 
 0.139 
 0.072 
 0.130 
 0.203 
 0.133 
 0.248 
 0.119 
 0.065 
 0.402 
 0.116 
 0.149 
 0.184 
 0.085 
 0.134 
 0.273 
 0.281 
 0.105 
 0.139 
 0.131 
 0.075 
 0.119 
 0.185 
 0.125 
 0.082 
 0.094 
 0.144 
 0.106 
 0.065 
 0.190 
 0.079 
 0.234 
 0.252 
 0.142 
 0.120 
 0.061 
 0.076 
 0.095 
 0.059 
 0.139 
 0.096 
 0.082 
 0.065 
 0.137 
 0.263 
 0.234 
 0.073 
 0.065 
 0.062 
 0.074 
 0.076 
 0.051 
 0.166 
 0.107 
 0.071 
 0.260 
 0.092 
 0.106 
 0.101 
 0.071 
 0.071 
 0.179 
 0.169 
 0.101 
 0.072 
 0.319 
 0.066 
 0.066 
 0.055 
 0.182 
 0.074 
 0.064 
 0.077 
 0.131 
 0.133 
 0.136 
 0.062 
 0.141 
 0.124 
 0.070 
 0.095 
 0.064 
 0.010 
 0.140 
 0.083 
 0.065 
 0.117 
 0.231 
 0.076 
 0.110 
 0.077 
 0.078 
 0.083 
 0.062 
 0.106 
 0.074 
 0.128 
 0.135 
 0.180 
 0.121 
 0.076 
 0.104 
 0.145 
 0.129 
 0.076 
 0.084 
 0.079 
 0.192 
 0.142 
 0.082 
 0.225 
 0.247 
 0.131 
 0.134 
 0.116 
 0.062 
 0.066 
 0.063 
 0.076 
 0.080 
 0.058 
 0.159 
 0.057 
 0.073 
 0.058 
 0.151 
 0.125 
 0.084 
 0.059 
 0.063 
 0.190 
 0.236 
 0.072 
 0.076 
 0.125 
 0.098 
 0.123 
 0.069 
 0.081 
 0.132 
 0.173 
 0.089 
 0.136 
 0.182 
 0.227 
 0.616 
 0.119 

>>>ssh 10.1.6.18 -p 5044 'cat /data/web_log/nginx/access.log |grep channelhome|grep v10|grep "28/Dec/2020:16:00"|cut -d"|" -f7'

 0.072 
 0.146 
 0.056 
 0.097 
 0.216 
 0.192 
 0.130 
 0.067 
 0.154 
 0.245 
 0.122 
 0.233 
 0.138 
 0.103 
 0.247 
 0.106 
 0.180 
 0.135 
 0.089 
 0.059 
 0.061 
 0.060 
 0.070 
 0.083 
 0.064 
 0.063 
 0.068 
 0.059 
 0.063 
 0.053 
 0.249 
 0.070 
 0.058 
 0.190 
 0.092 
 0.191 
 0.130 
 0.065 
 0.187 
 0.120 
 0.079 
 0.066 
 0.090 
 0.077 
 0.077 
 0.082 
 0.142 
 0.046 
 0.072 
 0.140 
 0.141 
 0.190 
 0.162 
 0.059 
 0.133 
 0.087 
 0.278 
 0.058 
 0.123 
 0.132 
 0.132 
 0.135 
 0.090 
 0.092 
 0.071 
 0.130 
 0.066 
 0.104 
 0.099 
 0.067 
 0.093 
 0.114 
 0.077 
 0.105 
 0.087 
 0.091 
 0.065 
 0.070 
 0.068 
 0.213 
 0.068 
 0.138 
 0.060 
 0.065 
 0.060 
 0.066 
 0.061 
 0.075 
 0.073 
 0.107 
 0.077 
 0.185 
 0.070 
 0.067 
 0.061 
 0.100 
 0.084 
 0.056 
 0.086 
 0.141 
 0.056 
 0.077 
 0.065 
 0.069 
 0.063 
 0.058 
 0.185 
 0.082 
 0.065 
 0.137 
 0.058 
 0.073 
 0.076 
 0.065 
 0.102 
 0.068 
 0.071 
 0.059 
 0.062 
 0.059 
 0.136 
 0.114 
 0.176 
 0.176 
 0.087 
 0.077 
 0.100 
 0.069 
 0.099 
 0.191 
 0.071 
 0.130 
 0.065 
 0.059 
 0.072 
 0.062 
 0.236 
 0.080 
 0.070 
 0.100 
 0.065 
 0.059 
 0.138 
 0.179 
 0.133 
 0.149 
 0.063 
 0.135 
 0.153 
 0.069 
 0.068 
 0.088 
 0.133 
 0.118 
 0.064 
 0.148 
 0.099 
 0.078 
 0.160 
 0.151 
 0.063 
 0.069 
 0.098 
 0.060 
 0.116 
 0.071 
 0.090 
 0.105 
 0.012 
 0.151 
 0.075 
 0.056 
 0.136 
 0.151 
 0.060 
 0.075 
 0.059 
 0.061 
 0.083 
 0.076 
 0.113 
 0.131 
 0.066 
 0.100 
 0.061 
 0.058 
 0.188 
 0.081 
 0.070 
 0.066 
 0.127 
 0.072 
 0.123 
 0.108 
 0.141 
 0.126 
 0.100 
 0.305 
 0.067 
 0.227 
 0.122 
 0.066 
 0.142 
 0.068 
 0.122 
 0.060 
 0.066 
 0.084 
 0.130 
 0.090 
 0.067 
 0.045 
 0.109 
 0.135 
 0.082 
 0.126 
 0.064 
 0.060 
 0.153 
 0.099 
 0.057 
 0.238 
 0.335 
 0.108 
 0.131 
 0.065 
 0.134 
 0.062 
 0.113 
 0.103 
 0.279 
 0.106 
 0.190 
 0.166 
 0.181 
 0.098 
 0.274 
 0.188 
 0.171 
 0.181 
 0.159 
 0.239 
 0.156 
 0.099 
 0.078 
 0.115 
 0.103 
 0.133 
 0.059 
 0.182 
 0.122 
 0.138 
 0.278 
 0.112 
 0.197 
 0.063 
 0.207 
 0.277 
 0.214 

>>>ssh 10.1.6.22 -p 5044 'cat /data/web_log/nginx/access.log |grep channelhome|grep v10|grep "28/Dec/2020:16:00"|cut -d"|" -f7'

 0.143 
 0.083 
 0.140 
 0.448 
 0.140 
 0.139 
 0.080 
 0.088 
 0.078 
 0.042 
 0.180 
 0.193 
 0.115 
 0.108 
 0.063 
 0.253 
 0.233 
 0.059 
 0.143 
 0.160 
 0.072 
 0.139 
 0.056 
 0.141 
 0.241 
 0.087 
 0.055 
 0.067 
 0.112 
 0.139 
 0.045 
 0.085 
 0.155 
 0.097 
 0.061 
 0.091 
 0.063 
 0.144 
 0.073 
 0.060 
 0.131 
 0.072 
 0.061 
 0.424 
 0.075 
 0.148 
 0.178 
 0.090 
 0.188 
 0.088 
 0.064 
 0.083 
 0.131 
 0.064 
 0.093 
 0.077 
 0.062 
 0.068 
 0.056 
 0.073 
 0.141 
 0.202 
 0.103 
 0.092 
 0.085 
 0.083 
 0.120 
 0.138 
 0.221 
 0.202 
 0.121 
 0.070 
 0.189 
 0.103 
 0.138 
 0.406 
 0.113 
 0.077 
 0.144 
 0.205 
 0.082 
 0.060 
 0.178 
 0.071 
 0.090 
 0.078 
 0.064 
 0.061 
 0.061 
 0.074 
 0.125 
 0.090 
 0.107 
 0.299 
 0.080 
 0.203 
 0.059 
 0.117 
 0.070 
 0.133 
 0.096 
 0.077 
 0.136 
 0.072 
 0.150 
 0.258 
 0.107 
 0.065 
 0.130 
 0.086 
 0.106 
 0.117 
 0.104 
 0.217 
 0.134 
 0.097 
 0.060 
 0.059 
 0.100 
 0.075 
 0.131 
 0.060 
 0.223 
 0.062 
 0.046 
 0.132 
 0.059 
 0.073 
 0.102 
 0.091 
 0.066 
 0.034 
 0.133 
 0.076 
 0.087 
 0.088 
 0.068 
 0.076 
 0.067 
 0.050 
 0.065 
 0.083 
 0.076 
 0.336 
 0.275 
 0.074 
 0.059 
 0.066 
 0.115 
 0.064 
 0.085 
 0.057 
 0.059 
 0.223 
 0.106 
 0.263 
 0.061 
 0.132 
 0.062 
 0.062 
 0.138 
 0.083 
 0.270 
 0.145 
 0.069 
 0.082 
 0.172 
 0.064 
 0.066 
 0.132 
 0.096 
 0.059 
 0.089 
 0.069 
 0.115 
 0.148 
 0.075 
 0.054 
 0.063 
 0.078 
 0.101 
 0.166 
 0.911 
 0.065 
 0.596 
 0.109 
 0.106 
 0.069 
 0.081 
 0.092 
 0.065 
 0.116 
 0.064 
 0.054 
 0.226 
 0.059 
 0.064 
 0.098 
 0.077 
 0.123 
 0.078 
 0.057 
 0.068 
 0.085 
 0.165 
 0.058 
 0.107 
 0.108 
 0.066 
 0.069 
 0.135 
 0.057 
 0.057 
 0.186 
 0.105 
 0.150 
 0.073 
 0.096 
 0.103 
 0.189 
 0.094 
 0.072 
 0.101 
 0.238 
 0.305 
 0.083 
 0.064 
 0.248 
 0.079 
 0.131 
 0.237 
 0.272 
 0.145 
 0.079 
 0.092 
 0.062 
 0.138 
 0.133 
 0.138 
 0.134 
 0.063 
 0.069 
 0.287 
 0.054 
 0.070 
 0.128 
 0.052 
 0.051 
 0.046 
 0.060 
 0.073 
 0.077 
 0.121 
 0.061 
 0.074 
 0.141 
 0.233 
 0.147 
 0.099 
 0.077 
 0.141 
 0.116 
 0.066 
 0.127 
 0.136 
 0.105 
 0.120 
 0.088 
 0.236 

>>>ssh 10.1.6.33 -p 5044 'cat /data/web_log/nginx/access.log |grep channelhome|grep v10|grep "28/Dec/2020:16:00"|cut -d"|" -f7'

 0.131 
 0.072 
 0.073 
 0.161 
 0.063 
 0.250 
 0.056 
 0.248 
 0.233 
 0.104 
 0.058 
 0.181 
 0.233 
 0.098 
 0.312 
 0.113 
 0.166 
 0.087 
 0.067 
 0.075 
 0.271 
 0.276 
 0.062 
 0.060 
 0.077 
 0.248 
 0.130 
 0.063 
 0.087 
 0.075 
 0.407 
 0.074 
 0.141 
 0.069 
 0.075 
 0.141 
 0.115 
 0.069 
 0.073 
 0.234 
 0.143 
 0.251 
 0.194 
 0.141 
 0.062 
 0.180 
 0.135 
 0.063 
 0.085 
 0.062 
 0.317 
 0.163 
 0.100 
 0.114 
 0.074 
 0.122 
 0.071 
 0.178 
 0.353 
 0.080 
 0.266 
 0.097 
 0.075 
 0.068 
 0.069 
 0.075 
 0.147 
 0.130 
 0.065 
 0.216 
 0.084 
 0.060 
 0.060 
 0.056 
 0.142 
 0.142 
 0.131 
 0.128 
 0.130 
 0.127 
 0.137 
 0.240 
 0.065 
 0.115 
 0.062 
 0.076 
 0.183 
 0.065 
 0.178 
 0.060 
 0.247 
 0.074 
 0.068 
 0.056 
 0.063 
 0.154 
 0.140 
 0.193 
 0.061 
 0.065 
 0.272 
 0.074 
 0.268 
 0.068 
 0.182 
 0.218 
 0.139 
 0.064 
 0.088 
 0.063 
 0.092 
 0.076 
 0.067 
 0.058 
 0.121 
 0.073 
 0.132 
 0.079 
 0.057 
 0.063 
 0.070 
 0.146 
 0.123 
 0.063 
 0.108 
 0.070 
 0.138 
 0.138 
 0.072 
 0.066 
 0.061 
 0.140 
 0.066 
 0.068 
 0.137 
 0.095 
 0.059 
 0.060 
 0.098 
 0.267 
 0.131 
 0.077 
 0.134 
 0.114 
 0.059 
 0.070 
 0.189 
 0.070 
 0.083 
 0.183 
 0.073 
 0.075 
 0.064 
 0.117 
 0.068 
 0.096 
 0.146 
 0.128 
 0.100 
 0.065 
 0.062 
 0.133 
 0.107 
 0.075 
 0.139 
 0.137 
 0.081 
 0.123 
 0.070 
 0.186 
 0.090 
 0.052 
 0.065 
 0.079 
 0.064 
 0.057 
 0.258 
 0.116 
 0.067 
 0.255 
 0.068 
 0.071 
 0.061 
 0.045 
 0.061 
 0.076 
 0.067 
 0.092 
 0.126 
 0.138 
 0.245 
 0.112 
 0.148 
 0.069 
 0.093 
 0.077 
 0.131 
 0.041 
 0.118 
 0.147 
 0.067 
 0.059 
 0.072 
 0.109 
 0.058 
 0.069 
 0.072 
 0.076 
 0.069 
 0.125 
 0.178 
 0.081 
 0.055 
 0.119 
 0.067 
 0.180 
 0.068 
 0.140 
 0.094 
 0.077 
 0.097 
 0.140 
 0.060 
 0.052 
 0.095 
 0.008 
 0.275 
 0.060 
 0.045 
 0.077 
 0.083 
 0.073 
 0.126 
 0.093 
 0.068 
 0.074 
 0.270 
 0.071 
 0.132 
 0.109 
 0.186 
 0.086 
 0.143 
 0.070 
 0.057 
 0.071 
 0.134 
 0.074 
 0.066 
 0.067 
 0.220 
 0.068 
 0.134 
 0.098 
 0.163 
 0.072 
 0.164 
 0.230 
 0.168 
 0.149 
 0.156 

>>>ssh 10.2.4.3 -p 5044 'cat /data/web_log/nginx/access.log |grep channelhome|grep v10|grep "28/Dec/2020:16:00"|cut -d"|" -f7'

 0.062 
 0.114 
 0.081 
 0.135 
 0.113 
 0.086 
 0.078 
 0.148 
 0.162 
 0.177 
 0.082 
 0.074 
 0.129 
 0.067 
 0.091 
 0.148 
 0.276 
 0.065 
 0.274 
 0.067 
 0.069 
 0.068 
 0.113 
 0.138 
 0.065 
 0.090 
 0.112 
 0.064 
 0.079 
 0.171 
 0.136 
 0.065 
 0.115 
 0.065 
 0.130 
 0.068 
 0.133 
 0.135 
 0.118 
 0.317 
 0.221 
 0.064 
 0.075 
 0.142 
 0.134 
 0.061 
 0.060 
 0.086 
 0.112 
 0.073 
 0.140 
 0.113 
 0.085 
 0.104 
 0.066 
 0.183 
 0.075 
 0.071 
 0.145 
 0.070 
 0.073 
 0.244 
 0.129 
 0.134 
 0.078 
 0.068 
 0.139 
 0.132 
 0.153 
 0.144 
 0.068 
 0.220 
 0.076 
 0.086 
 0.064 
 0.113 
 0.130 
 0.103 
 0.182 
 0.098 
 0.098 
 0.073 
 0.131 
 0.158 
 0.213 
 0.114 
 0.186 
 0.104 
 0.075 
 0.071 
 0.076 
 0.087 
 0.058 
 0.197 
 0.077 
 0.122 
 0.120 
 0.110 
 0.070 
 0.066 
 0.057 
 0.067 
 0.067 
 0.080 
 0.106 
 0.065 
 0.108 
 0.076 
 0.084 
 0.130 
 0.109 
 0.078 
 0.096 
 0.112 
 0.075 
 0.098 
 0.072 
 0.127 
 0.122 
 0.091 
 0.089 
 0.060 
 0.136 
 0.148 
 0.287 
 0.060 
 0.193 
 0.101 
 0.094 
 0.132 
 0.070 
 0.423 
 0.097 
 0.306 
 0.073 
 0.127 
 0.066 
 0.112 
 0.062 
 0.074 
 0.070 
 0.373 
 0.070 
 0.050 
 0.050 
 0.111 
 0.100 
 0.102 
 0.194 
 0.102 
 0.081 
 0.184 
 0.241 
 0.077 
 0.090 
 0.060 
 0.119 
 0.081 
 0.079 
 0.061 
 0.067 
 0.075 
 0.071 
 0.078 
 0.083 
 0.057 
 0.066 
 0.100 
 0.081 
 0.069 
 0.084 
 0.138 
 0.072 
 0.128 
 0.067 
 0.085 
 0.132 
 0.077 
 0.077 
 0.069 
 0.110 
 0.082 
 0.113 
 0.468 
 0.130 
 0.146 
 0.085 
 0.094 
 0.078 
 0.072 
 0.079 
 0.130 
 0.202 
 0.144 
 0.137 
 0.055 
 0.117 
 0.123 
 0.137 
 0.059 
 0.073 
 0.103 
 0.055 
 0.099 
 0.061 
 0.279 
 0.087 
 0.088 
 0.060 
 0.077 
 0.095 
 0.135 
 0.100 
 0.098 
 0.098 
 0.118 
 0.084 
 0.132 
 0.199 
 0.095 
 0.173 
 0.062 
 0.314 
 0.058 
 0.132 
 0.143 
 0.137 
 0.118 
 0.193 
 0.123 
 0.085 
 0.073 
 0.097 
 0.077 
 0.070 
 0.089 
 0.092 
 0.063 
 0.052 
 0.158 
 0.099 
 0.062 
 0.069 
 0.064 
 0.104 
 0.186 
 0.230 
 0.102 
 0.056 
 0.042 
 0.046 
 0.046 
 0.065 
 0.285 
 0.235 
 0.189 
 0.091 
 0.247 
 0.291 
 0.074 
 0.179 

>>>ssh 10.2.4.4 -p 5044 'cat /data/web_log/nginx/access.log |grep channelhome|grep v10|grep "28/Dec/2020:16:00"|cut -d"|" -f7'

 0.137 
 0.063 
 0.096 
 0.063 
 0.117 
 0.069 
 0.143 
 0.133 
 0.099 
 0.149 
 0.081 
 0.117 
 0.060 
 0.164 
 0.076 
 0.146 
 0.134 
 0.066 
 0.069 
 0.245 
 0.237 
 0.074 
 0.066 
 0.081 
 0.070 
 0.276 
 0.085 
 0.081 
 0.133 
 0.075 
 0.076 
 0.071 
 0.102 
 0.168 
 0.131 
 0.093 
 0.184 
 0.067 
 0.075 
 0.252 
 0.068 
 0.107 
 0.060 
 0.119 
 0.077 
 0.041 
 0.147 
 0.077 
 0.205 
 0.075 
 0.057 
 0.132 
 0.104 
 0.143 
 0.071 
 0.076 
 0.125 
 0.058 
 0.142 
 0.204 
 0.053 
 0.069 
 0.284 
 0.064 
 0.078 
 0.065 
 0.137 
 0.293 
 0.070 
 0.039 
 0.097 
 0.059 
 0.118 
 0.253 
 0.062 
 0.067 
 0.145 
 0.069 
 0.069 
 0.086 
 0.081 
 0.082 
 0.183 
 0.104 
 0.137 
 0.127 
 0.060 
 0.093 
 0.211 
 0.118 
 0.132 
 0.076 
 0.061 
 0.062 
 0.129 
 0.066 
 0.083 
 0.076 
 0.140 
 0.068 
 0.064 
 0.143 
 0.102 
 0.128 
 0.069 
 0.099 
 0.238 
 0.316 
 0.359 
 0.048 
 0.092 
 0.118 
 0.063 
 0.091 
 0.131 
 0.170 
 0.076 
 0.063 
 0.103 
 0.116 
 0.064 
 0.087 
 0.060 
 0.116 
 0.313 
 0.219 
 0.120 
 0.061 
 0.081 
 0.070 
 0.049 
 0.071 
 0.106 
 0.095 
 0.063 
 0.058 
 0.132 
 0.157 
 0.123 
 0.134 
 0.135 
 0.080 
 0.084 
 0.137 
 0.077 
 0.069 
 0.115 
 0.076 
 0.241 
 0.078 
 0.143 
 0.419 
 0.078 
 0.074 
 0.326 
 0.126 
 0.125 
 0.075 
 0.079 
 0.177 
 0.139 
 0.295 
 0.077 
 0.059 
 0.133 
 0.065 
 0.070 
 0.241 
 0.087 
 0.067 
 0.048 
 0.087 
 0.192 
 0.093 
 0.162 
 0.063 
 0.079 
 0.081 
 0.062 
 0.055 
 0.071 
 0.122 
 0.136 
 0.070 
 0.076 
 0.139 
 0.289 
 0.178 
 0.141 
 0.064 
 0.128 
 0.248 
 0.094 
 0.098 
 0.165 
 0.102 
 0.110 
 0.048 
 0.277 
 0.108 
 0.075 
 0.122 
 0.075 
 0.084 
 0.165 
 0.267 
 0.076 
 0.089 
 0.140 
 0.061 
 0.135 
 0.123 
 0.069 
 0.223 
 0.067 
 0.087 
 0.061 
 0.109 
 0.066 
 0.069 
 0.107 
 0.072 
 0.085 
 0.083 
 0.320 
 0.220 
 0.135 
 0.074 
 0.077 
 0.076 
 0.087 
 0.046 
 0.090 
 0.063 
 0.056 
 0.077 
 0.055 
 0.141 
 0.069 
 0.061 
 0.100 
 0.100 
 0.050 
 0.140 
 0.277 
 0.172 
 0.144 
 0.186 
 0.111 
 0.218 
 0.251 
 0.179 
 0.266 
 0.274 

>>>ssh 10.2.4.5 -p 5044 'cat /data/web_log/nginx/access.log |grep channelhome|grep v10|grep "28/Dec/2020:16:00"|cut -d"|" -f7'

 0.051 
 0.066 
 0.076 
 0.186 
 0.062 
 0.103 
 0.094 
 0.122 
 0.111 
 0.067 
 0.092 
 0.084 
 0.144 
 0.124 
 0.133 
 0.088 
 0.115 
 0.065 
 0.074 
 0.151 
 0.143 
 0.076 
 0.074 
 0.076 
 0.113 
 0.155 
 0.136 
 0.191 
 0.062 
 0.098 
 0.139 
 0.121 
 0.089 
 0.070 
 0.063 
 0.230 
 0.073 
 0.139 
 0.077 
 0.058 
 0.150 
 0.127 
 0.130 
 0.071 
 0.075 
 0.103 
 0.109 
 0.063 
 0.067 
 0.244 
 0.106 
 0.074 
 0.084 
 0.061 
 0.097 
 0.149 
 0.147 
 0.194 
 0.172 
 0.067 
 0.064 
 0.092 
 0.138 
 0.097 
 0.167 
 0.058 
 0.174 
 0.069 
 0.062 
 0.148 
 0.142 
 0.075 
 0.091 
 0.078 
 0.107 
 0.070 
 0.151 
 0.075 
 0.280 
 0.097 
 0.073 
 0.178 
 0.094 
 0.129 
 0.132 
 0.156 
 0.142 
 0.060 
 0.171 
 0.134 
 0.135 
 0.134 
 0.059 
 0.058 
 0.093 
 0.062 
 0.096 
 0.068 
 0.126 
 0.061 
 0.049 
 0.098 
 0.062 
 0.115 
 0.064 
 0.112 
 0.263 
 0.138 
 0.062 
 0.060 
 0.084 
 0.077 
 0.129 
 0.234 
 0.187 
 0.096 
 0.070 
 0.072 
 0.109 
 0.098 
 0.090 
 0.083 
 0.075 
 0.065 
 0.060 
 0.095 
 0.134 
 0.248 
 0.073 
 0.134 
 0.135 
 0.100 
 0.065 
 0.195 
 0.133 
 0.079 
 0.061 
 0.068 
 0.110 
 0.091 
 0.090 
 0.077 
 0.059 
 0.078 
 0.208 
 0.113 
 0.093 
 0.091 
 0.079 
 0.076 
 0.061 
 0.128 
 0.194 
 0.060 
 0.107 
 0.082 
 0.197 
 0.117 
 0.135 
 0.129 
 0.129 
 0.083 
 0.069 
 0.143 
 0.146 
 0.097 
 0.077 
 0.074 
 0.078 
 0.139 
 0.178 
 0.063 
 0.050 
 0.217 
 0.069 
 0.081 
 0.072 
 0.068 
 0.068 
 0.114 
 0.088 
 0.125 
 0.065 
 0.240 
 0.072 
 0.140 
 0.018 
 0.147 
 0.142 
 0.070 
 0.152 
 0.071 
 0.080 
 0.084 
 0.065 
 0.084 
 0.097 
 0.110 
 0.064 
 0.259 
 0.160 
 0.107 
 0.123 
 0.077 
 0.138 
 0.049 
 0.131 
 0.088 
 0.079 
 0.079 
 0.125 
 0.085 
 0.229 
 0.126 
 0.099 
 0.094 
 0.078 
 0.065 
 0.064 
 0.083 
 0.100 
 0.119 
 0.149 
 0.096 
 0.132 
 0.081 
 0.140 
 0.140 
 0.189 
 0.062 
 0.146 
 0.161 
 0.065 
 0.063 
 0.145 
 0.136 
 0.270 
 0.217 
 0.112 
 0.133 
 0.103 
 0.077 
 0.160 
 0.185 
 0.081 
 0.133 
 0.236 
 0.088 
 0.168 
 0.233 
 0.161 
 0.171 
 0.252 

>>>ssh 10.2.6.2 -p 5044 'cat /data/web_log/nginx/access.log |grep channelhome|grep v10|grep "28/Dec/2020:16:00"|cut -d"|" -f7'

 0.135 
 0.265 
 0.104 
 0.059 
 0.146 
 0.058 
 0.124 
 0.104 
 0.108 
 0.231 
 0.199 
 0.076 
 0.094 
 0.148 
 0.070 
 0.049 
 0.079 
 0.137 
 0.066 
 0.069 
 0.108 
 0.182 
 0.192 
 0.096 
 0.168 
 0.063 
 0.242 
 0.138 
 0.136 
 0.112 
 0.190 
 0.651 
 0.072 
 0.065 
 0.069 
 0.159 
 0.161 
 0.065 
 0.064 
 0.072 
 0.091 
 0.138 
 0.053 
 0.273 
 0.051 
 0.238 
 0.067 
 0.076 
 0.063 
 0.071 
 0.070 
 0.068 
 0.058 
 0.066 
 0.078 
 0.135 
 0.135 
 0.077 
 0.070 
 0.078 
 0.144 
 0.094 
 0.098 
 0.280 
 0.043 
 0.076 
 0.108 
 0.142 
 0.131 
 0.063 
 0.169 
 0.146 
 0.074 
 0.063 
 0.066 
 0.129 
 0.096 
 0.071 
 0.131 
 0.193 
 0.062 
 0.138 
 0.124 
 0.090 
 0.093 
 0.072 
 0.113 
 0.103 
 0.093 
 0.068 
 0.126 
 0.073 
 0.059 
 0.080 
 0.055 
 0.074 
 0.091 
 0.062 
 0.197 
 0.073 
 0.059 
 0.111 
 0.106 
 0.121 
 0.187 
 0.121 
 0.099 
 0.100 
 0.082 
 0.061 
 0.060 
 0.057 
 0.132 
 0.064 
 0.115 
 0.082 
 0.105 
 0.246 
 0.062 
 0.103 
 0.072 
 0.072 
 0.112 
 0.128 
 0.134 
 0.275 
 0.037 
 0.134 
 0.144 
 0.147 
 0.246 
 0.084 
 0.061 
 0.098 
 0.111 
 0.128 
 0.069 
 0.145 
 0.254 
 0.133 
 0.062 
 0.068 
 0.071 
 0.447 
 0.074 
 0.057 
 0.061 
 0.133 
 0.112 
 0.064 
 0.231 
 0.063 
 0.160 
 0.137 
 0.080 
 0.053 
 0.245 
 0.117 
 0.069 
 0.125 
 0.064 
 0.099 
 0.334 
 0.206 
 0.079 
 0.096 
 0.099 
 0.062 
 0.094 
 0.078 
 0.107 
 0.258 
 0.063 
 0.065 
 0.072 
 0.085 
 0.072 
 0.133 
 0.253 
 0.072 
 0.240 
 0.109 
 0.066 
 0.058 
 0.094 
 0.071 
 0.064 
 0.093 
 0.088 
 0.132 
 0.064 
 0.132 
 0.082 
 0.066 
 0.180 
 0.143 
 0.137 
 0.063 
 0.128 
 0.135 
 0.066 
 0.126 
 0.204 
 0.058 
 0.138 
 0.262 
 0.061 
 0.050 
 0.123 
 0.062 
 0.120 
 0.076 
 0.067 
 0.061 
 0.078 
 0.225 
 0.079 
 0.091 
 0.212 
 0.131 
 0.134 
 0.252 
 0.090 
 0.262 
 0.065 
 0.068 
 0.184 
 0.096 
 0.059 
 0.068 
 0.129 
 0.160 
 0.147 
 0.089 
 0.117 
 0.129 
 0.053 
 0.088 
 0.286 
 0.072 
 0.064 
 0.061 
 0.134 
 0.168 
 0.064 
 0.257 
 0.097 
 0.100 
 0.081 
 0.089 
 0.107 
 0.176 
 0.151 
 0.132 
 0.194 
 0.072 
 0.117 
 0.067 
 0.075 
 0.139 
 0.238 
 0.067 
 0.066 
 0.167 
 0.132 
 0.244 
 0.237 
 0.113 
 0.102 
 0.095 
 0.070 
 0.146 
 0.076 
 0.080 
 0.065 
 0.066 
 0.245 
 0.207 
 0.126 
 0.255 

>>>ssh 10.2.6.4 -p 5044 'cat /data/web_log/nginx/access.log |grep channelhome|grep v10|grep "28/Dec/2020:16:00"|cut -d"|" -f7'

